‘tet plssttrrt'etro HISTORICO-GHRONOLOG. 111

1111111111·1111111111111111111111111111
111111111111111111111 111111 1111111111111 111111 {e l'Eoritore 1111 lequel 11111 1111111111 11
1111111111111 ouvrage: 111 11 11 111 11111 11111 11 111111111111111111 1111111 evangeliste y 11111
(1111111111 111 11111111111111111111111111εὸ 1111111111 1111111111111111 11 11 religion.
11111111 1121. lt 111111111111 certain 11111111 11111111111111111111111111 reple qu'il 111111
1111111111 1111111111111 1111111111 1111111 1111111111111110111111111111;11111111111111111
111 111111111111111 1111111111 11111111 moin 1 1111 religion 1111111 11111, 1111111111111 d'ono
111 1111111 111 1111111111111 111111111111111111 11111111111111111111111 1111·111111,1111111 1111
11111111111111 l'onteurnoue 1 11111111-11111111 111111,
111 111111111111 111111111111111 11111 commen· (111. veteommeon ottoqneit 1111111111111111111
11111111 11111111 11 11111 111111 11 1111 111 1 1- 11111 11111111111111111111’11111111111,111111111
1111111111 111 111111 1111 111 111111 1111111111 1111 11111111111 11 1111111111 111111 11 1111111111
0111111, 111 111 Roynerrnoine 11 11111·111111111 11111 m 11111 11111111111111 11 111 111111111
tinge, 1111111 111111 111 hommes 11111111111 11 11111111111111111111111111111111111111111111·
monestere. mio. 11 1111111111 11111111 111111 11 11111 11 11
11111 11 prologue 111 1111 11 1111 11 commen· 11111111111111111111, 11 1111111111 1111111111-
11111,1111111 11111111111111111111 1111 111111 11111 nements 1111111 111 111111111111111 tosus-const
«11111111111111 11111111. « Co 11111111 bien-nime n'eetdnoe l'ouohoriettoqu'en figure,ete'oppuyoieot
1111111111111111 1111 111 1111111111, 11 111111 Β 11111 poeotes 11 11111111, 1111111 111 1111111111
111111111111111111111, 111 11111, 1’111-1·1111 111 1111111111111111111 1111 mono& lo meme 111111
1111111111, 11111111,(11111111,111111,11 1111111 11111111111; 111 11111111 1111 111111 11111111
11111111111111111111111111111111111111111111· mysterium: carre 1111111111 t'eoo de 11 pierre
1111 1111 11 11111111,1111111111111111111111111 1111111111 111 111 1111111111 1111111111 1111111111-
111 111111 1111111111 11111111, 11 1111111111 111 Christ (1 6111). 111111111111111111111 11 pre·
1111111111111111111111111111111111111111111 11111ῑί11 1111111111,1111111111111 presumptionem,
1111111111 1111111111111111111111111111111111 doceor 1111111111111111111111111Ἀ 1111 1111
11111111131111 111. 11 11111 111111 1111111111 11111111 111111111111, 111111111111111111111111·
1111 1111111,1111111 11 1111111111 118111111111, 11111111 111 nortun : narsem 1111 opor 11111
temple 11 1111111 do 81111-1111111, 11 1111111 111 111111111111111 11 ciet, 1111111111Ρ111 personnae
Evaogite,qui 1111111111 111111111111111 1111111 le 1111 11111111111111. 11). 11 11111111 ensuite 11
11111111111111111 notter 111 11111111111111111 1111111111111111, 11 1111 1111 111 11111111, 11
11111111 1111111111 111. 111111 111 111 1111111111 1111111111 to 111111 vineoe
0111111111111111111111111111111111111· 1111111111 11 1111111111 111111111111111111,
11111 lieren, 111 11 111 ouvrages 111 l'auteor 1 111111111111’1111111111 111 111111111111111111
1111111111111 111111 1111, 11 111111 11111, 111111 1111111111 leone-Christ, 11111111 1111111111,1111 111
11 1111 111111111 11 11111. ll 1111 11 111111111111 11111111. 1111111111 11 111111111111111 1111111
11111111 11111111 1111111111, 1111111 11111 1111 111111111111111111111 11111111 111111111111111
lo 1111 1111111111, conformement 1 111 gont do- (g 1111111111111111111111111111111111 1111111111.
1111111111 111 1111111 d’exceltentee 111111, 11 111· «0111111111111111111111,11111-1111111111
parenetes 111 Pereo quoique 11111111111111. ton· 111111111111111 1111111111,1’111111 111111 figure
11111111111 11 1111111 111111, ort 11 11111111111 1111111 1111111111,1111 111111111111111, 111
1111111111 torre 111 111111111111111111111111 1111111111111111111111111 11111111111101111111015
11 1111111111, 11111 1111111111111111111111.111 sept 1111111111111 1111111111 1111111111, du 111111
premiere 111111 forment 111 erperode 11111 11 1181111-1111111, 1111111 1111 [11111111 tour le
tnootngte.t.e 111111111111111111111111 1111111111 11111 11 tosus cerneretque 11111111111111 1111,
(11111111 11 11111 01111111 11111 voir qn'il 111 vrri· 1111111111111111111111111111111111111111111
11111111111 Dion et 111111111 homme. 11 11111111 1111 1111111111 1111111111 111111, 1111111 111111
111111111111111 11111111111111 1111111111 1111 1111 1111111111 1111111 111111111 1111111111.
111111111111 y 11111111 11111111 1111111 Treta· Peroe 111 demente 111111111111111111111111111
ment, en 11111111111111111111 11111111 1111 111 111 1111111111 onusta torro ,1111111111 11 111111
111 11111111 111111111111111111111 (1111111 11 111 1111111111 Dion 11111111 1111 1111111 1111111
teser-cornert 111111111111111111111111111111 1111111111111 1111111111 111111 111111 1111 11111
11111111, 111111 o’ont 111 1111111111 1111 11 mo· 111111111111111111111111111111111111111111
1111101111111111111111111111111111111111111, 111 monente 111111, enorme 11111111-11111111111
1111111 1111111111111111 111111111111111111, 11 1111111111111; 1111111111111111111111111111111,
111111111111111111111111111111111111111111· nomme uolones-uned’eox 1111111111111111
11111111111 1111 traete, 1111 111111 1111 11111-911111111
notre 1111111111111 qo'1 pretend 1111111. 111111ς 11 1111 murmurum, 1111111111111·111
1111. ιιι.) 011111111111111111111111111111111- 11111111111111111. 11111 1111111, 11 1111111111
11111111111111111 111111111111111 11111111111 1111111111111 1111111111 d'uoe 111111 111111 11111-
1111111111, 111 11111111 111 your 11111111 111 1111111111111111111111111111111111111111
1111111 1111111 1111111111111111 111111111111, 111 1111111111 111111111111111111 11 111111111οηῦ
1111111 1111111 1111111111 1111111111 1111 111 11 1111111111 11111118111111131111011111. n
111111111111, 11111 11111111111,11 entrepronent 11111111111111111111 1111111111 111 1111111111

111111111111111111 queo-noo d’oux le ten·

d'expliquor 111 11111111 111111111 1111111111 1111 de l‘orrour qn’tt 1111111, 1111 111111111111111111
1111111111 11 1111111111, 11111 1111 111111111111 111111 1111111111 1111 111111 11111111111111111
¹¹¹⁹ 1¹0l’sssprttoonrteesatmtne portentosiorem 1111111111, 1111111111111111111111111111111111,
roffeno me 1111111111 111 eto chemin 111111 (Prot. 11111111111111111 111111 111 1111111111 Cor. 11) : n 111,
⁰¹⁰⁰· 111-11, 11 tout 11111 figure. 11111111 11111 otoo·

11111111111111111 111111111 otonjoure 111 111111111111111111111’11111111111111111111111
51101, tt 111 11 1111111111 1111111 1111 111111 111 111 figures. 1111111111111 le monne 111111
111111. 1111111111 pour 11111 interprete 1111111 11 111 11 111111111 1111111111111111 111 ,111
111111111 1111111111, remeassem, 11111 111111 1111111111111111111111111111111111111111111111·
11111 111 1111111111 111 ne point e'egoror et 1 1111- 1111,111 noos 111111111111111111111111111111
1111111 11111 111111. 11111 111111 111 111111 11· 11111111111111 11111111 toene-Christano 11111111
16111111, 1111 111111111111111111, 11 111 1111111 11111111111111111111111111111111111111111111,

 

